44
12
34
80
74
95
67
95
2
84
14
7
66
71
70
1
11
79
33
40
88
93
13
54
27
88
30
20
8
75
57
70
70
19
17
62
8
83
11
7
91
43
41
45
18
99
9
34
16
69
5
6
100
67
89
43
65
37
58
17
77
79
9
7
46
52
83
11
3
29
36
36
39
13
98
57
20
71
26
41
87
39
97
99
51
6
81
91
23
41
47
56
1
48
66
75
56
80
66
57
31
31
68
15
62
26
42
38
4
96
42
0
43
31
76
23
19
63
90
45
54
33
49
71
71
24
8
73
96
22
37
21
52
17
34
63
66
40
75
89
65
9
38
20
88
9
50
19
31
34
86
75
52
41
10
30
0
53
96
19
11
12
92
40
63
57
27
92
87
18
41
6
4
54
30
43
59
67
0
22
94
70
45
57
16
67
21
72
31
23
47
88
41
72
30
23
86
89
6
64
94
10
35
9
49
25
88
76
24
14
83
84
7
31
91
98
48
30
55
86
28
23
26
41
10
2
79
25
30
70
67
26
66
99
3
2
82
11
91
35
62
22
82
75
66
28
38
25
24
3
43
75
98
93
7
30
59
86
15
84
35
1
77
37
41
52
52
53
67
23
72
70
48
65
52
32
26
56
59
0
49
24
46
19
75
27
100
93
100
15
30
52
53
75
86
16
15
5
89
50
76
79
97
73
91
3
56
5
76
42
81
82
31
78
61
80
65
11
10
80
65
100
18
48
47
89
22
5
25
19
2
0
42
56
24
20
39
41
84
54
64
63
7
38
71
2
60
72
72
37
11
19
65
27
21
25
12
92
22
47
58
61
100
59
14
11
90
69
5
3
85
23
32
49
12
82
74
65
40
100
90
95
16
33
0
78
66
65
83
61
57
68
87
34
20
72
1
53
11
18
13
95
6
53
93
100
4
43
62
93
55
14
95
82
25
88
15
8
75
13
27
48
68
14
81
70
30
49
52
9
88
30
46
56
62
13
27
13
41
24
96
99
51
63
77
19
15
98
50
97
36
47
33
50
46
83
38
57
0
42
73
44
61
81
46
1
23
14
7
86
80
7
66
67
78
55
51
23
6
20
44
3
38
52
16
4
81
0
86
54
87
5
76
20
52
39
49
54
100
63
99
90
100
87
1
13
13
25
20
28
13
5
95
81
7
5
9
30
21
65
40
47
17
37
99
81
77
4
91
38
15
25
78
79
52
18
33
62
64
68
69
36
1
89
61
65
78
25
66
64
15
50
35
42
97
27
98
38
68
61
8
30
70
5
19
3
97
33
54
21
60
58
75
8
67
45
19
7
77
95
74
85
22
79
19
28
48
2
16
84
54
8
9
55
90
83
28
91
13
45
40
57
81
7
82
60
48
56
45
32
19
88
39
87
33
28
78
75
90
99
91
2
74
31
55
41
35
12
43
78
38
40
25
69
79
33
93
49
89
44
44
53
35
55
52
85
50
26
20
89
33
7
67
7
98
45
100
55
74
93
68
45
95
36
39
0
34
27
73
46
34
9
66
77
20
75
38
39
56
38
68
64
29
69
46
87
65
91
20
45
22
12
75
6
61
97
82
93
58
81
56
90
64
72
46
71
92
70
48
38
22
33
15
97
84
13
45
53
6
93
58
53
26
8
34
66
5
5
43
41
19
0
17
24
88
68
39
40
86
46
25
29
90
63
28
76
44
83
68
66
80
88
14
42
24
22
87
73
82
61
38
9
23
37
95
45
76
55
79
34
71
36
58
97
23
52
75
17
54
9
83
94
25
26
12
98
73
21
34
100
4
34
63
67
47
56
9
71
4
11
17
84
91
7
0
56
78
23
51
7
59
94
35
100
97
1
15
94
0
100
42
16
48
16
18
96
35
1
70
23
81
51
0
4
29
93
72
58
64
63
35
24
63
1
1
83
76
49
46
5
68
86
49
21
62
10
88
26
5
31
71
96
27
32
2
46
45
12
63
38
87
73
44
15
30
66
93
63
3
80
91
11
96
71
11
56
5
41
59
52
65
95
49
77
71
59
92
54
22
9
29
54
47
81
80
25
30
24
29
25
13
39
12
69
5
60
13
62
52
44
83
83
38
67
47
6
29
5
64
99
0
12
34
15
30
68
21
54
99
96
13
4
47
7
98
17
87
53
51
86
32
51
35
64
79
32
62
16
88
48
10
84
20
40
10
16
45
76
81
71
42
3
50
79
67
10
7
26
2
67
19
67
68
92
52
76
56
16
51
98
16
5
2
43
52
21
84
77
51
79
